120 -42824636691160.3 0.994751795253825>88 0.00194415468270076
119 -42824635497182.1 1>48 0.00194415468270076
118 -42824634304653.7 0.99997054909667>54 0.00194415468270076
117 -42824633103678.4 0.994751213027918>91 0.00194415468270076
116 -42824631912959.8 0.99997054909667>53 0.00194415468270076
115 -42824630725596.2 0.994490948613438>71 0.00194415468270076
114 -42824629539529.8 0.99447799472949>77 0.00194415468270076
113 -42824628350515.4 0.977492916850826>59 0.00194415468270076
112 -42824627159085.1 0.994751213027918>90 0.00194415468270076
111 -42824625977366.2 0.99447799472949>76 0.00194415468270076
110 -42824624788384 0.999999999891429>81 0.00194415468270076
109 -42824623586353.3 0.849897239659792>27 0.00194415468270076
108 -42824622396126.1 0.999987457035315>67 0.00194415468270076
107 -42824621199125.4 0.99942387232529>23 0.00194415468270076
106 -42824619994549.4 1>49 0.00194415468270076
105 -42824618777409.9 0.999996427454231>3 0.00194415468270076
104 -42824617555421.8 0.994751795253825>89 0.00194415468270076
103 -42824616342958.2 0.999421632051733>24 0.00194415468270076
102 -42824615121397.6 0.977521433521338>56 0.00194415468270076
101 -42824613893134.8 0.849323352782364>29 0.00194415468270076
100 -42824612656573.6 0.999999999847448>84 0.00194415468270076
99 -42824611416769.7 0.999971483329488>51 0.00194415468270076
98 -42824610165889.3 0.999997759181254>21 0.00194415468270076
97 -42824608927086.9 0.977492916850825>60 0.00194415468270076
96 -42824607669282.2 0.999080968637514>5 0.00194415468270076
95 -42824606415404.5 0.937900506814028>15 0.00194415468270076
94 -42824605146085.7 0.994490537694175>73 0.00194415468270076
93 -42824603873113.2 0.99999999989163>80 0.00194415468270076
92 -42824602581635.3 0.849899479233106>26 0.00194415468270076
91 -42824601309074.3 0.977521433521339>55 0.00194415468270076
90 -42824600024438.8 0.84932111247423>32 0.00194415468270076
89 -42824598736921.4 0.994751211763544>92 0.00194415468270076
88 -42824597435461.3 0.938819539259297>12 0.00194415468270076
87 -42824596129970.9 0.994490948613438>72 0.00194415468270076
86 -42824594823694.3 0.937904080476818>14 0.00194415468270076
85 -42824593527924.1 0.994478405648754>74 0.00194415468270076
84 -42824592219411.4 0.999077394919567>8 0.00194415468270076
83 -42824590896531.9 0.977491982618009>62 0.00194415468270076
82 -42824589569763.7 1>2 0.00194415468270076
81 -42824588244969.5 0.999999999847247>85 0.00194415468270076
80 -42824586916331.3 1>64 0.00194415468270076
79 -42824585593047.6 0.84932335204754>30 0.00194415468270076
78 -42824584291923.7 0.999421631779141>25 0.00194415468270076
77 -42824582965280.2 0.999999065767182>50 0.00194415468270076
76 -42824581652205.2 0.999987457035315>68 0.00194415468270076
75 -42824580368805.2 0.999423872597881>22 0.00194415468270076
74 -42824579070969.1 0.99999999988432>83 0.00194415468270076
73 -42824577783931.9 0.849897238924972>28 0.00194415468270076
72 -42824576467030.6 0.999987046116052>70 0.00194415468270076
71 -42824575189215.9 0.999999999727406>19 0.00194415468270076
70 -42824573917245 0.798084472254826>38 0.00194415468270076
69 -42824572607875.2 0.994751796518199>87 0.00194415468270076
68 -42824571292396.3 0.937900506379192>16 0.00194415468270076
67 -42824569990103 1>63 0.00194415468270076
66 -42824568727087.7 0.999080967465329>6 0.00194415468270076
65 -42824567446458 0.63168673094848>47 0.00194415468270076
64 -42824566135444.5 0.977491982618009>61 0.00194415468270076
63 -42824564854872.2 0.999996426282054>4 0.00194415468270076
62 -42824563550002.2 0.999999999884521>82 0.00194415468270076
61 -42824562328939.9 0.977520499288522>58 0.00194415468270076
60 -42824561062808.8 0.632606362177288>45 0.00194415468270076
59 -42824559759517 0.938823113356927>10 0.00194415468270076
58 -42824558472523.8 0.867444343945217>35 0.00194415468270076
57 -42824557230772 0.849321113209054>31 0.00194415468270076
56 -42824555990035.1 0.999987046116052>69 0.00194415468270076
55 -42824554707753.9 0.797097345424236>40 0.00194415468270076
54 -42824553475347.2 0.994751796518199>86 0.00194415468270076
53 -42824552234478.7 0.937904080911653>13 0.00194415468270076
52 -42824551101730.9 1>33 0.00194415468270076
51 -42824549965354.7 0.999999589080737>66 0.00194415468270076
50 -42824548779967.1 0.999997759453848>20 0.00194415468270076
49 -42824547635857.9 2>114 0.00194415468270076
48 -42824546447274.5 0.999999999999799>79 0.00194415468270076
47 -42824545211581.2 0.798148002852875>37 0.00194415468270076
46 -42824543993192.1 0.999077396091752>7 0.00194415468270076
45 -42824543021442.1 0.867443633884146>36 0.00194415468270076
44 -42824542061114.5 1.9846913226285>98 0.00194415468270076
43 -42824540990705.1 0.977520499288522>57 0.00194415468270076
42 -42824539891265.2 0.938819539694136>11 0.00194415468270076
41 -42824538898282.1 0.999971483329488>52 0.00194415468270076
40 -42824537853663.5 0.797160876022285>39 0.00194415468270076
39 -42824536838143 0.324030116293975>113 0.00194415468270076
38 -42824535908305.1 1.93320251109774>121 0.00194415468270076
37 -42824535132571.9 1.97115396390723>100 0.00194415468270076
36 -42824534369310.8 0.517961449747035>96 0.00194415468270076
35 -42824533508920.2 1.93260105637883>117 0.00194415468270076
34 -42824532479607.3 0.617464782595145>111 0.00194415468270076
33 -42824531396215.9 1.94450583823052>102 0.00194415468270076
32 -42824530516024.2 1>78 0.00194415468270076
31 -42824529480653.5 0.999999270726566>34 0.00194415468270076
30 -42824529071202.7 0.350853248104715>112 0.00194415468270076
29 -42824528895563.9 0.548513247488672>106 0.00194415468270076
28 -42824528633627.9 0.710601483553885>94 0.00194415468270076
27 -42824528291248 0.715392280189807>110 0.00194415468270076
26 -42824528339388.1 1.99370244428373>119 0.00194415468270076
25 -42824529350627 1>103 0.00194415468270076
24 -42824530098648.5 0.994478405648754>75 0.00194415468270076
23 -42824531809862.1 0.624791898412365>105 0.00194415468270076
22 -42824533502944 0.936516536560695>109 0.00194415468270076
21 -42824536085507.4 0.938823113791767>9 0.00194415468270076
20 -42824538343626.1 0.606539770285353>95 0.00194415468270076
19 -42834935228786.4 1.93345356686934>116 0.00194462684479975
18 -46769230801543.7 0.631741655167808>46 0.00212324485884256
17 -51589427883867.9 1.96052814430044>101 0.00234208291168274
16 -67324020477170.8 0.735011551244836>42 0.00305643692732923
15 -84763613945087.1 0.735069270742749>41 0.00384819828708852
14 -161336703194279 0.735011551244836>43 0.0073246324815072
13 -633347753994899 1.93828558006504>120 0.0287540316854728
12 -1253963089543494 1.98034366089881>99 0.0569300961016036
11 -2.16128599666612e+15 0.523966880245054>107 0.0981227434226934
10 -3.08462780043967e+15 2>118 0.140042652036809
9 -4506698956040180 1>108 0.204604976067329
8 -5928770112899315 1>93 0.269167300097849
7 -7500724440461283 0>17 0.340534347118629
6 -9072678769990160 0>1 0.41190139413941
5 -1.0783254509582e+16 0.999999589080737>65 0.48956188523757
4 -1.24944439547263e+16 1>18 0.56725023843959
3 -1.45199028740205e+16 0.632661286396616>44 0.659206490369269
2 -1.65798476955148e+16 0.995323506529597>104 0.752728409119088
1 -1.92957091686805e+16 2>97 0.876029078429748
0 -22026333800000000 1.98693599904667>115 1
